F 43 0 0 0 0 0 0
M 59 0 0 0 0 0 0
F 46 0 0 0 0 0 0
F 91 0 0 0 0 0 0
M 55 0 0 0 1 0 0
F 17 0 0 0 0 0 0
M 59 0 0 1 0 0 0
F 17 0 0 0 0 0 0
M 63 0 0 0 0 0 0
F 16 0 0 1 0 0 0
M 19 0 0 0 1 0 0
M 79 0 0 0 0 0 0
M 43 0 0 0 0 0 0
F 79 0 0 0 0 0 0
F 36 0 0 0 0 0 0
M 19 1 1 0 0 0 0
F 71 0 0 0 0 0 0
F 49 0 0 0 0 0 0
M 39 0 0 0 0 0 0
M 65 0 0 0 0 0 0
M 25 0 0 1 0 0 0
F 68 0 1 0 0 0 0
M 29 0 1 0 0 0 0
M 91 0 1 0 0 0 0
F 24 0 0 0 0 0 0
M 82 0 0 0 0 1 0
M 29 0 0 0 0 0 0
F 78 0 0 0 1 0 0
F 52 0 0 0 0 0 0
M 60 0 0 1 0 1 0
F 25 1 1 0 1 1 0
M 14 0 1 0 1 0 0
M 35 0 0 0 0 0 0
M 66 0 0 1 0 0 0
F 60 1 0 0 0 0 1
F 67 0 0 1 0 1 0
M 26 0 0 1 0 0 0
F 21 0 0 0 0 0 0
F 51 0 0 0 0 1 1
M 65 0 0 0 1 0 1
M 86 0 0 0 0 0 0
F 96 0 0 0 0 0 0
M 82 0 0 0 0 0 0
M 28 0 0 0 0 0 0
F 47 0 0 1 0 0 0
M 29 0 0 0 0 0 0
F 95 0 0 1 0 0 0
M 32 0 0 0 0 0 0
F 62 0 0 0 0 0 0
M 46 0 0 0 0 0 0
F 95 0 0 0 0 0 0
F 24 0 0 0 0 0 0
F 50 0 0 0 0 0 0
M 82 0 0 0 0 0 0
M 17 0 1 0 0 0 0
F 80 0 0 0 0 0 0
F 66 0 0 0 0 0 0
F 16 0 0 0 0 0 0
M 69 0 0 0 0 0 0
M 31 0 1 0 1 0 0
